           1 0.9790 0.0210 
           1 0.9920 0.0080 
           1 0.9940 0.0060 
           1 0.9807 0.0193 
           1 0.9246 0.0754 
           1 0.9764 0.0236 
           1 0.9887 0.0113 
           1 0.9307 0.0693 
           1 0.9963 0.0037 
           1 0.8641 0.1359 
           1 0.9214 0.0786 
           1 0.9700 0.0300 
           1 0.9819 0.0181 
           1 0.8389 0.1611 
           1 0.9668 0.0332 
           1 0.9880 0.0120 
           1 0.9885 0.0115 
           1 0.9797 0.0203 
           1 0.9845 0.0155 
           1 0.9533 0.0467 
           1 0.9853 0.0147 
           1 0.9825 0.0175 
           1 0.9725 0.0275 
           1 0.9748 0.0252 
           1 0.9935 0.0065 
           1 0.9810 0.0190 
           1 0.9492 0.0508 
           1 0.9760 0.0240 
           1 0.8043 0.1957 
           1 0.9227 0.0773 
           1 0.9850 0.0150 
           1 0.9728 0.0272 
           1 0.9929 0.0071 
           1 0.9904 0.0096 
           1 0.9888 0.0112 
           1 0.9900 0.0100 
           1 0.9790 0.0210 
           1 0.9931 0.0069 
           1 0.9747 0.0253 
           1 0.9450 0.0550 
           1 0.9915 0.0085 
           1 0.9828 0.0172 
           1 0.7305 0.2695 
           1 0.9953 0.0047 
           1 0.9701 0.0299 
           1 0.9820 0.0180 
           1 0.9903 0.0097 
           1 0.8580 0.1420 
           1 0.9177 0.0823 
           1 0.9292 0.0708 
           1 0.9917 0.0083 
           1 0.9586 0.0414 
           1 0.9628 0.0372 
           1 0.9880 0.0120 
           1 0.9891 0.0109 
           1 0.9910 0.0090 
           1 0.9551 0.0449 
           1 0.7508 0.2492 
           1 0.7263 0.2737 
           1 0.9187 0.0813 
           1 0.9561 0.0439 
           1 0.9721 0.0279 
           1 0.9548 0.0452 
           1 0.9889 0.0111 
           1 0.9929 0.0071 
           1 0.9949 0.0051 
           1 0.9763 0.0237 
           1 0.9477 0.0523 
           1 0.9384 0.0616 
           1 0.9684 0.0316 
           1 0.9555 0.0445 
           1 0.9917 0.0083 
           1 0.9572 0.0428 
           1 0.9929 0.0071 
           1 0.9802 0.0198 
           1 0.9236 0.0764 
           1 0.9308 0.0692 
           1 0.9921 0.0079 
           1 0.8482 0.1518 
           1 0.9818 0.0182 
           1 0.9645 0.0355 
           1 0.9885 0.0115 
           1 0.9870 0.0130 
           1 0.9496 0.0504 
           1 0.9587 0.0413 
           1 0.9239 0.0761 
           1 0.9740 0.0260 
           1 0.9741 0.0259 
           1 0.9820 0.0180 
           1 0.9837 0.0163 
           1 0.8741 0.1259 
           1 0.8262 0.1738 
           1 0.8684 0.1316 
           1 0.9785 0.0215 
           1 0.9613 0.0387 
           1 0.9391 0.0609 
           1 0.9522 0.0478 
           1 0.9174 0.0826 
           1 0.6836 0.3164 
           1 0.9392 0.0608 
           1 0.5842 0.4158 
           1 0.3436 0.6564 
           1 0.4749 0.5251 
           1 0.5041 0.4959 
           1 0.4663 0.5337 
           1 0.5191 0.4809 
           1 0.5161 0.4839 
           1 0.5120 0.4880 
           1 0.7148 0.2852 
           1 0.7310 0.2690 
           1 0.9139 0.0861 
           1 0.0880 0.9120 
           1 0.0262 0.9738 
           1 0.0287 0.9713 
           1 0.0074 0.9926 
           1 0.0471 0.9529 
           1 0.0347 0.9653 
           1 0.0762 0.9238 
           1 0.0278 0.9722 
           1 0.0255 0.9745 
           1 0.0284 0.9716 
           1 0.0119 0.9881 
           1 0.0107 0.9893 
           1 0.0129 0.9871 
           1 0.0639 0.9361 
           1 0.6632 0.3368 
           1 0.7122 0.2878 
           1 0.7100 0.2900 
           1 0.7507 0.2493 
           1 0.6684 0.3316 
           1 0.6915 0.3085 
           1 0.7199 0.2801 
           1 0.7511 0.2489 
           1 0.7605 0.2395 
           1 0.7180 0.2820 
           1 0.5489 0.4511 
           1 0.8038 0.1962 
           1 0.6404 0.3596 
           1 0.7338 0.2662 
           1 0.7294 0.2706 
           1 0.6083 0.3917 
           1 0.5778 0.4222 
           1 0.7282 0.2718 
           1 0.5210 0.4790 
           1 0.5802 0.4198 
           1 0.6105 0.3895 
           1 0.4979 0.5021 
           1 0.6203 0.3797 
           1 0.5189 0.4811 
           1 0.5667 0.4333 
           1 0.0648 0.9352 
           1 0.0135 0.9865 
           1 0.0098 0.9902 
           1 0.0294 0.9706 
           1 0.0253 0.9747 
           1 0.4624 0.5376 
           1 0.0344 0.9656 
           1 0.0098 0.9902 
           1 0.0659 0.9341 
           1 0.0836 0.9164 
           1 0.0383 0.9617 
           1 0.0310 0.9690 
           1 0.0131 0.9869 
           1 0.0195 0.9805 
           1 0.0649 0.9351 
           1 0.1112 0.8888 
           1 0.6602 0.3398 
           1 0.0135 0.9865 
           1 0.0331 0.9669 
           1 0.0240 0.9760 
           1 0.9204 0.0796 
           1 0.9826 0.0174 
           1 0.9520 0.0480 
           1 0.9551 0.0449 
           1 0.9872 0.0128 
           1 0.9630 0.0370 
           1 0.9130 0.0870 
           1 0.9779 0.0221 
           1 0.9473 0.0527 
           1 0.2714 0.7286 
           1 0.2479 0.7521 
           1 0.0261 0.9739 
           1 0.2275 0.7725 
           1 0.0338 0.9662 
           1 0.0764 0.9236 
           1 0.2558 0.7442 
           1 0.0319 0.9681 
           1 0.0630 0.9370 
           1 0.2459 0.7541 
           1 0.5964 0.4036 
           1 0.6400 0.3600 
           1 0.5762 0.4238 
           1 0.6992 0.3008 
           1 0.6061 0.3939 
           1 0.6418 0.3582 
           1 0.5856 0.4144 
           1 0.6798 0.3202 
           1 0.6110 0.3890 
           1 0.6253 0.3747 
           1 0.5355 0.4645 
           1 0.4951 0.5049 
           1 0.5873 0.4127 
           1 0.7195 0.2805 
           1 0.6426 0.3574 
           1 0.6134 0.3866 
           1 0.6547 0.3453 
           1 0.5130 0.4870 
           1 0.5768 0.4232 
           1 0.5333 0.4667 
           1 0.6450 0.3550 
           1 0.5604 0.4396 
           1 0.5250 0.4750 
           1 0.5610 0.4390 
           1 0.0734 0.9266 
           1 0.0667 0.9333 
           1 0.0223 0.9777 
           1 0.0593 0.9407 
           1 0.0135 0.9865 
           1 0.1717 0.8283 
           1 0.0814 0.9186 
           1 0.0288 0.9712 
           1 0.0272 0.9728 
           1 0.0308 0.9692 
           1 0.0412 0.9588 
           1 0.0565 0.9435 
           1 0.0674 0.9326 
           1 0.0434 0.9566 
           1 0.0159 0.9841 
           1 0.1563 0.8437 
           1 0.0454 0.9546 
           1 0.0482 0.9518 
           1 0.0401 0.9599 
           1 0.1897 0.8103 
           1 0.0196 0.9804 
           1 0.0146 0.9854 
           1 0.0187 0.9813 
           1 0.1479 0.8521 
           1 0.0593 0.9407 
           1 0.0142 0.9858 
           1 0.0251 0.9749 
           1 0.0952 0.9048 
           1 0.0574 0.9426 
           1 0.5388 0.4612 
           1 0.7115 0.2885 
           1 0.6061 0.3939 
           1 0.6660 0.3340 
           1 0.8044 0.1956 
           1 0.6016 0.3984 
           1 0.7215 0.2785 
           1 0.6730 0.3270 
           1 0.0502 0.9498 
           1 0.3683 0.6317 
           1 0.4433 0.5567 
           1 0.0166 0.9834 
           1 0.0198 0.9802 
           1 0.2111 0.7889 
           1 0.1647 0.8353 
           1 0.3967 0.6033 
           1 0.2865 0.7135 
           1 0.1537 0.8463 
           1 0.3227 0.6773 
           1 0.3753 0.6247 
           1 0.0849 0.9151 
           1 0.3670 0.6330 
           1 0.0133 0.9867 
           1 0.0110 0.9890 
           1 0.0714 0.9286 
           1 0.0363 0.9637 
           1 0.0100 0.9900 
           1 0.0149 0.9851 
           1 0.4654 0.5346 
           1 0.4785 0.5215 
           1 0.4522 0.5478 
           1 0.5974 0.4026 
           1 0.5607 0.4393 
           1 0.5480 0.4520 
           1 0.6262 0.3738 
           1 0.7529 0.2471 
           1 0.6884 0.3116 
           1 0.5593 0.4407 
           1 0.5638 0.4362 
           1 0.6036 0.3964 
           1 0.6633 0.3367 
           1 0.5950 0.4050 
           1 0.6515 0.3485 
           1 0.6108 0.3892 
           1 0.2536 0.7464 
           1 0.0199 0.9801 
           1 0.0669 0.9331 
           1 0.1028 0.8972 
           1 0.0289 0.9711 
           1 0.0924 0.9076 
           1 0.0700 0.9300 
           1 0.2894 0.7106 
           1 0.0518 0.9482 
           1 0.0249 0.9751 
           1 0.3071 0.6929 
           1 0.0503 0.9497 
           1 0.0270 0.9730 
           1 0.1701 0.8299 
           1 0.0277 0.9723 
           1 0.1185 0.8815 
           1 0.0513 0.9487 
           1 0.1766 0.8234 
           1 0.2879 0.7121 
           1 0.2446 0.7554 
           1 0.2487 0.7513 
           1 0.0135 0.9865 
           1 0.2293 0.7707 
           1 0.1609 0.8391 
           1 0.1184 0.8816 
           1 0.1154 0.8846 
           1 0.0141 0.9859 
           1 0.1562 0.8438 
           1 0.0210 0.9790 
           1 0.0692 0.9308 
           1 0.0271 0.9729 
           1 0.2063 0.7937 
           1 0.0184 0.9816 
           1 0.2242 0.7758 
           1 0.1526 0.8474 
           1 0.0166 0.9834 
           1 0.2091 0.7909 
           1 0.2601 0.7399 
           1 0.0295 0.9705 
           1 0.0754 0.9246 
           1 0.0288 0.9712 
           1 0.0380 0.9620 
           1 0.0242 0.9758 
           1 0.1812 0.8188 
           1 0.0589 0.9411 
           1 0.6263 0.3737 
           1 0.6157 0.3843 
           1 0.0236 0.9764 
           1 0.0807 0.9193 
           1 0.0156 0.9844 
           1 0.0769 0.9231 
           1 0.5498 0.4502 
           1 0.6942 0.3058 
           1 0.7528 0.2472 
           1 0.7670 0.2330 
           1 0.5830 0.4170 
           1 0.7570 0.2430 
           1 0.6764 0.3236 
           1 0.3960 0.6040 
           1 0.5918 0.4082 
           1 0.6048 0.3952 
           1 0.6822 0.3178 
           1 0.5221 0.4779 
           1 0.6195 0.3805 
           1 0.6961 0.3039 
           1 0.7220 0.2780 
           1 0.4840 0.5160 
           1 0.7756 0.2244 
           1 0.7229 0.2771 
           1 0.6691 0.3309 
           1 0.6013 0.3987 
           1 0.6926 0.3074 
           1 0.7197 0.2803 
           1 0.7304 0.2696 
           1 0.8217 0.1783 
           1 0.8151 0.1849 
           1 0.8555 0.1445 
           1 0.6674 0.3326 
           1 0.5906 0.4094 
           1 0.4975 0.5025 
           1 0.5775 0.4225 
           1 0.6642 0.3358 
           1 0.6766 0.3234 
           1 0.7200 0.2800 
           1 0.6554 0.3446 
           1 0.6634 0.3366 
           1 0.6083 0.3917 
           1 0.7411 0.2589 
           1 0.6095 0.3905 
           1 0.5728 0.4272 
           1 0.7009 0.2991 
           1 0.8143 0.1857 
           1 0.6256 0.3744 
           1 0.7586 0.2414 
           1 0.6555 0.3445 
           1 0.7567 0.2433 
           1 0.6552 0.3448 
           1 0.6196 0.3804 
           1 0.6407 0.3593 
           1 0.6648 0.3352 
           1 0.1506 0.8494 
           1 0.1699 0.8301 
           1 0.2977 0.7023 
           1 0.3935 0.6065 
           1 0.4079 0.5921 
           1 0.3573 0.6427 
           1 0.0395 0.9605 
           1 0.1348 0.8652 
           1 0.2658 0.7342 
           1 0.2862 0.7138 
           1 0.4957 0.5043 
           1 0.6416 0.3584 
           1 0.0094 0.9906 
           1 0.0892 0.9108 
           1 0.0968 0.9032 
           1 0.0382 0.9618 
           1 0.0625 0.9375 
           1 0.8706 0.1294 
           1 0.6474 0.3526 
           1 0.9655 0.0345 
           1 0.7933 0.2067 
           1 0.0104 0.9896 
           1 0.0188 0.9812 
           1 0.3959 0.6041 
           1 0.2977 0.7023 
           1 0.0367 0.9633 
           1 0.0422 0.9578 
           1 0.0100 0.9900 
           1 0.0427 0.9573 
           1 0.3328 0.6672 
           1 0.6081 0.3919 
           1 0.6621 0.3379 
           1 0.5188 0.4812 
           1 0.6328 0.3672 
           1 0.7283 0.2717 
           1 0.4809 0.5191 
           1 0.4682 0.5318 
           1 0.5004 0.4996 
           1 0.3021 0.6979 
           1 0.7818 0.2182 
           1 0.6358 0.3642 
           1 0.6215 0.3785 
           1 0.5594 0.4406 
           1 0.5983 0.4017 
           1 0.5366 0.4634 
           1 0.5580 0.4420 
           1 0.6293 0.3707 
           1 0.5920 0.4080 
           1 0.5472 0.4528 
           1 0.0121 0.9879 
           1 0.0286 0.9714 
           1 0.0355 0.9645 
           1 0.0314 0.9686 
           1 0.0153 0.9847 
           1 0.0158 0.9842 
           1 0.0135 0.9865 
           1 0.0358 0.9642 
           1 0.0183 0.9817 
           1 0.0078 0.9922 
